$SPEC_ID:
No sample description was entered.
$SPEC_REM:
DET# 2
DETDESC# SPACESCIENCE8 digiBASE-RH SN 15121449
AP# Maestro Version 7.01
$DATE_MEA:
09/30/2024 15:59:39
$MEAS_TIM:
479 480
$DATA:
0 1023
       0
       0
       0
       0
       0
       0
       0
       0
       0
       0
    1985
    8067
    9578
    9559
    9090
    8168
    6868
    5484
    4269
    3121
    2488
    1932
    1650
    1471
    1358
    1427
    1431
    1543
    1653
    1877
    1896
    2075
    2249
    2396
    2504
    2630
    2699
    2773
    2777
    2696
    2583
    2317
    2252
    2071
    1850
    1702
    1458
    1314
    1203
    1024
     897
     796
     786
     737
     669
     692
     687
     599
     624
     652
     641
     600
     556
     630
     625
     646
     588
     654
     635
     619
     642
     597
     680
     644
     674
     671
     671
     666
     645
     675
     576
     643
     580
     687
     623
     646
     581
     589
     572
     572
     578
     581
     608
     526
     543
     527
     524
     511
     526
     500
     554
     478
     485
     471
     464
     469
     500
     438
     450
     453
     420
     414
     418
     417
     430
     395
     423
     411
     403
     394
     425
     415
     399
     385
     404
     416
     414
     429
     450
     435
     494
     489
     558
     514
     541
     538
     563
     587
     550
     584
     609
     606
     650
     645
     664
     671
     695
     660
     661
     644
     680
     641
     700
     722
     686
     686
     747
     717
     760
     758
     796
     771
     819
     863
     846
     937
     958
     992
    1065
    1012
    1048
    1049
    1120
    1178
    1148
    1279
    1211
    1313
    1276
    1249
    1299
    1207
    1182
    1200
    1213
    1115
    1132
    1107
    1016
     913
     926
     869
     784
     752
     776
     634
     632
     574
     506
     443
     452
     382
     355
     347
     283
     261
     218
     257
     191
     156
     174
     151
     105
     141
     113
      94
      91
      67
      81
      81
      60
      67
      57
      71
      64
      51
      45
      57
      43
      48
      37
      36
      47
      39
      30
      39
      43
      38
      42
      47
      35
      39
      25
      33
      32
      31
      30
      35
      34
      32
      37
      32
      31
      33
      29
      32
      34
      22
      34
      33
      35
      31
      37
      34
      25
      27
      33
      48
      25
      22
      39
      29
      39
      37
      34
      32
      31
      33
      27
      31
      37
      34
      38
      25
      28
      33
      32
      28
      36
      39
      37
      43
      46
      30
      29
      43
      43
      31
      32
      37
      43
      41
      35
      32
      44
      43
      51
      34
      36
      38
      39
      34
      49
      47
      47
      38
      60
      44
      42
      51
      43
      33
      44
      41
      59
      42
      48
      44
      49
      38
      52
      63
      44
      42
      30
      38
      48
      38
      45
      30
      32
      50
      46
      35
      39
      34
      32
      41
      41
      30
      27
      35
      19
      29
      35
      28
      20
      14
      21
      19
      21
      17
      13
      32
      30
      28
      29
      19
      25
      24
      14
      13
      14
      16
      26
      10
      15
      21
      13
       4
      17
      15
      14
      19
      15
       6
      15
      16
      20
       9
      22
      18
      17
       9
      15
      11
      11
      10
      12
      10
      11
      15
      13
      10
      15
      16
      20
      15
      15
      14
      16
      12
      15
      11
       9
       9
       6
       9
       8
      13
       9
      10
      11
      14
       9
      15
       3
      12
       7
      12
       8
       7
      17
      13
      13
      15
      16
       9
      10
      12
      10
       9
      12
       8
      14
       8
      11
      14
      17
       6
      12
       6
       8
      13
       7
      16
      14
       9
       6
      15
      14
      12
      14
      14
       9
      16
       9
      15
      13
       9
      14
       7
      10
      11
      16
      11
      11
       8
      15
       8
      13
      12
      14
      10
      10
       8
      18
      11
      12
      14
       9
       9
      12
      10
       7
      12
       8
       8
      14
      10
       8
      13
       8
      10
       6
      10
       8
       7
       9
      17
       8
       8
       8
       6
      10
       7
      11
       3
       9
       7
       2
      18
       6
       7
       7
       8
      10
       6
       8
       8
       9
       8
       5
      12
       8
       8
      12
       7
       3
      17
      11
       9
       8
      11
       8
       7
      10
       4
       8
       7
      10
      13
       9
       8
       5
       6
       4
       6
       7
       7
      14
      10
       7
      11
      13
       6
      10
       7
      10
      13
      15
       9
       9
       9
       9
      11
       6
       5
      10
      11
      11
       9
       4
       7
      14
       7
       8
       4
       4
       5
       5
       4
       5
       7
       7
       7
       4
       7
       9
       5
       4
       8
       5
       6
       5
       4
       8
       7
       8
      13
       8
       4
       7
       6
      11
       7
       1
       8
       5
       1
       6
       3
       7
       4
       5
       2
       6
       6
       4
       4
       3
       8
       4
       5
       7
       4
       3
       8
       2
       8
       7
       8
       7
       6
       7
       2
       6
       7
       4
       6
       5
       4
       6
       4
       9
       8
       2
       3
       4
       5
       4
       3
       3
       4
       5
       4
       3
       3
       3
       3
       1
       2
       6
       3
       3
       6
      10
       6
       4
       5
       6
       5
       5
       4
       5
       3
       6
       6
       7
       6
       5
       5
       6
       8
       4
       6
      11
       8
       7
       2
       7
       6
       5
       8
       7
      11
       7
       8
       6
       7
       9
      11
      11
      10
      18
      13
      11
      18
      10
      11
      10
      18
      12
       7
      13
      18
      19
      16
      17
      13
      11
      17
      23
       6
      12
      13
      17
      16
      14
      10
      10
      16
      14
      19
      12
      14
      16
      13
      12
      12
      15
      16
       6
      14
      14
      15
      16
      16
      17
      13
       9
      14
       8
      11
       5
       7
       6
       7
      19
       7
      10
       8
      11
      10
      10
       6
       5
       7
       7
       4
       4
       5
       5
       4
       5
       5
       9
       0
       4
       7
       2
       7
       2
       5
       2
       7
       6
       6
       8
       2
       5
       6
       6
       1
       1
       5
       3
       4
       3
       4
       1
       4
       3
       2
       2
       3
       2
       3
       3
       3
       3
       1
       4
       2
       5
       0
       1
       2
       2
       1
       4
       0
       1
       2
       5
       3
       2
       1
       1
       1
       2
       4
       4
       1
       1
       2
       3
       3
       2
       1
       4
       4
       0
       2
       6
       2
       4
       3
       3
       0
       0
       2
       3
       6
       5
       4
       1
       1
       3
       0
       2
       1
       3
       2
       3
       1
       1
       1
       3
       2
       0
       5
       2
       1
       3
       4
       5
       4
       6
       0
       3
       1
       3
       5
       6
       1
       3
       4
       3
       2
       5
       4
       2
       5
       3
       2
       1
       5
       2
       4
       2
       8
       3
       5
       3
       2
       3
       2
       6
       1
       2
       4
       7
       0
       2
       4
       1
       3
       1
       1
       3
       2
       2
       0
       2
       5
       1
       1
       1
       2
       1
       1
       2
       2
       1
       2
       4
       2
       0
       1
       1
       4
       0
       0
       0
       0
       4
       3
       2
       2
       1
       1
       1
       0
       1
       1
       1
       0
       2
       0
       1
       0
       1
       2
       1
       0
       1
       0
       1
       1
       2
       1
       1
       2
       1
       2
       0
       0
       2
       1
       0
       0
       3
       0
       0
       0
       0
       0
       0
       1
       0
       1
       1
       0
       1
       0
       0
       1
       1
       0
       0
       0
       0
       1
       2
       3
       1
       1
       1
       0
       2
       0
       1
       1
$ROI:
4
10 146
279 400
564 664
667 763
$PRESETS:
None
0
0
$ENER_FIT:
0.000000 2.191293
$MCA_CAL:
3
0.000000E+000 2.191293E+000 0.000000E+000 keV
$SHAPE_CAL:
3
1.167119E+001 0.000000E+000 0.000000E+000
